Model 0.0
         1 0 0 0.000
         0 1 0 0.000
         0 0 1 0.000
Model 1.0
         1 0 0 -33.127
         0 1 0 89.462
         0 0 1 -1351.400
Model 2.0
         1 0 0 47.406
         0 1 0 -83.671
         0 0 1 675.701
Model 3.0
         1 0 0 31.622
         0 1 0 -28.754
         0 0 1 -2702.800
Model 4.0
         1 0 0 -72.899
         0 1 0 31.751
         0 0 1 -675.701
Model 5.0
         1 0 0 -43.946
         0 1 0 -72.088
         0 0 1 -675.701
Model 6.0
         1 0 0 42.837
         0 1 0 17.374
         0 0 1 -2027.100
Model 7.0
         1 0 0 22.824
         0 1 0 -23.166
         0 0 1 2702.800
Model 8.0
         1 0 0 -15.388
         0 1 0 -60.505
         0 0 1 -2027.100
Model 9.0
         1 0 0 -28.756
         0 1 0 46.128
         0 0 1 675.701
Model 10.0
         1 0 0 -101.457
         0 1 0 20.168
         0 0 1 675.701
Model 11.0
         1 0 0 7.041
         0 1 0 31.751
         0 0 1 -675.701
Model 12.0
         1 0 0 -42.639
         0 1 0 -75.085
         0 0 1 2702.800
Model 13.0
         1 0 0 -25.889
         0 1 0 63.502
         0 0 1 -1351.400
Model 14.0
         1 0 0 -39.970
         0 1 0 0.000
         0 0 1 0.000
Model 15.0
         1 0 0 51.382
         0 1 0 -11.583
         0 0 1 1351.400
Model 16.0
         1 0 0 -68.330
         0 1 0 -69.294
         0 0 1 2027.100
Model 17.0
         1 0 0 -15.586
         0 1 0 -2.794
         0 0 1 -2702.800
Model 18.0
         1 0 0 -10.105
         0 1 0 8.585
         0 0 1 2027.100
Model 19.0
         1 0 0 43.035
         0 1 0 -40.337
         0 0 1 -1351.400
Model 20.0
         1 0 0 17.146
         0 1 0 23.166
         0 0 1 -2702.800
Model 21.0
         1 0 0 48.318
         0 1 0 28.754
         0 0 1 2702.800
Model 22.0
         1 0 0 1.109
         0 1 0 54.714
         0 0 1 2702.800
Model 23.0
         1 0 0 15.388
         0 1 0 60.505
         0 0 1 2027.100
Model 24.0
         1 0 0 14.477
         0 1 0 -51.919
         0 0 1 0.000
Model 25.0
         1 0 0 54.447
         0 1 0 -51.919
         0 0 1 0.000
Model 26.0
         1 0 0 -47.208
         0 1 0 25.960
         0 0 1 0.000
Model 27.0
         1 0 0 -71.592
         0 1 0 28.754
         0 0 1 2702.800
Model 28.0
         1 0 0 -3.976
         0 1 0 -72.088
         0 0 1 -675.701
Model 29.0
         1 0 0 68.528
         0 1 0 11.583
         0 0 1 -1351.400
Model 30.0
         1 0 0 -50.075
         0 1 0 8.585
         0 0 1 2027.100
Model 31.0
         1 0 0 -72.702
         0 1 0 -25.960
         0 0 1 0.000
Model 32.0
         1 0 0 50.273
         0 1 0 -66.296
         0 0 1 -1351.400
Model 33.0
         1 0 0 -38.861
         0 1 0 54.714
         0 0 1 2702.800
Model 34.0
         1 0 0 43.946
         0 1 0 72.088
         0 0 1 675.701
Model 35.0
         1 0 0 37.103
         0 1 0 -17.374
         0 0 1 2027.100
Model 36.0
         1 0 0 -18.651
         0 1 0 37.543
         0 0 1 -1351.400
Model 37.0
         1 0 0 11.610
         0 1 0 -69.294
         0 0 1 2027.100
Model 38.0
         1 0 0 9.907
         0 1 0 49.126
         0 0 1 -2702.800
Model 39.0
         1 0 0 -4.174
         0 1 0 -14.377
         0 0 1 -1351.400
Model 40.0
         1 0 0 -21.122
         0 1 0 -95.254
         0 0 1 2027.100
Model 41.0
         1 0 0 -4.372
         0 1 0 43.334
         0 0 1 -2027.100
Model 42.0
         1 0 0 -64.354
         0 1 0 2.794
         0 0 1 2702.800
Model 43.0
         1 0 0 10.303
         0 1 0 -66.296
         0 0 1 -1351.400
Model 44.0
         1 0 0 -50.273
         0 1 0 66.296
         0 0 1 1351.400
Model 45.0
         1 0 0 -75.568
         0 1 0 -43.334
         0 0 1 2027.100
Model 46.0
         1 0 0 -14.279
         0 1 0 -5.791
         0 0 1 675.701
Model 47.0
         1 0 0 -28.558
         0 1 0 -11.583
         0 0 1 1351.400
Model 48.0
         1 0 0 54.249
         0 1 0 5.791
         0 0 1 -675.701
Model 49.0
         1 0 0 -32.732
         0 1 0 -25.960
         0 0 1 0.000
Model 50.0
         1 0 0 -37.103
         0 1 0 17.374
         0 0 1 -2027.100
Model 51.0
         1 0 0 -31.622
         0 1 0 28.754
         0 0 1 2702.800
Model 52.0
         1 0 0 -68.726
         0 1 0 46.128
         0 0 1 675.701
Model 53.0
         1 0 0 35.994
         0 1 0 -72.088
         0 0 1 -675.701
Model 54.0
         1 0 0 32.534
         0 1 0 83.671
         0 0 1 -675.701
Model 55.0
         1 0 0 -17.146
         0 1 0 -23.166
         0 0 1 2702.800
Model 56.0
         1 0 0 -11.610
         0 1 0 69.294
         0 0 1 -2027.100
Model 57.0
         1 0 0 4.174
         0 1 0 14.377
         0 0 1 1351.400
Model 58.0
         1 0 0 -79.940
         0 1 0 0.000
         0 0 1 0.000
Model 59.0
         1 0 0 -54.051
         0 1 0 -63.502
         0 0 1 1351.400
Model 60.0
         1 0 0 -57.116
         0 1 0 -23.166
         0 0 1 2702.800
Model 61.0
         1 0 0 -65.661
         0 1 0 5.791
         0 0 1 -675.701
Model 62.0
         1 0 0 -47.406
         0 1 0 83.671
         0 0 1 -675.701
Model 63.0
         1 0 0 39.970
         0 1 0 0.000
         0 0 1 0.000
Model 64.0
         1 0 0 35.796
         0 1 0 -14.377
         0 0 1 -1351.400
Model 65.0
         1 0 0 75.568
         0 1 0 43.334
         0 0 1 -2027.100
Model 66.0
         1 0 0 71.592
         0 1 0 -28.754
         0 0 1 -2702.800
Model 67.0
         1 0 0 -21.320
         0 1 0 -37.543
         0 0 1 1351.400
Model 68.0
         1 0 0 17.343
         0 1 0 -34.545
         0 0 1 -2027.100
Model 69.0
         1 0 0 -18.255
         0 1 0 -77.879
         0 0 1 0.000
Model 70.0
         1 0 0 54.051
         0 1 0 63.502
         0 0 1 -1351.400
Model 71.0
         1 0 0 -47.011
         0 1 0 -31.751
         0 0 1 675.701
Model 72.0
         1 0 0 -42.837
         0 1 0 -17.374
         0 0 1 2027.100
Model 73.0
         1 0 0 -43.035
         0 1 0 40.337
         0 0 1 1351.400
Model 74.0
         1 0 0 57.313
         0 1 0 -34.545
         0 0 1 -2027.100
Model 75.0
         1 0 0 -9.907
         0 1 0 -49.126
         0 0 1 2702.800
Model 76.0
         1 0 0 42.639
         0 1 0 75.085
         0 0 1 -2702.800
Model 77.0
         1 0 0 -2.867
         0 1 0 -17.374
         0 0 1 2027.100
Model 78.0
         1 0 0 -58.423
         0 1 0 -20.168
         0 0 1 -675.701
Model 79.0
         1 0 0 -25.493
         0 1 0 -51.919
         0 0 1 0.000
Model 80.0
         1 0 0 21.715
         0 1 0 -77.879
         0 0 1 0.000
Model 81.0
         1 0 0 36.906
         0 1 0 40.337
         0 0 1 1351.400
Model 82.0
         1 0 0 47.011
         0 1 0 31.751
         0 0 1 -675.701
Model 83.0
         1 0 0 -18.453
         0 1 0 -20.168
         0 0 1 -675.701
Model 84.0
         1 0 0 75.766
         0 1 0 -14.377
         0 0 1 -1351.400
Model 85.0
         1 0 0 -21.715
         0 1 0 77.879
         0 0 1 0.000
Model 86.0
         1 0 0 46.813
         0 1 0 89.462
         0 0 1 -1351.400
Model 87.0
         1 0 0 -25.691
         0 1 0 5.791
         0 0 1 -675.701
Model 88.0
         1 0 0 -68.528
         0 1 0 -11.583
         0 0 1 1351.400
Model 89.0
         1 0 0 24.582
         0 1 0 -60.505
         0 0 1 -2027.100
Model 90.0
         1 0 0 11.412
         0 1 0 -11.583
         0 0 1 1351.400
Model 91.0
         1 0 0 64.354
         0 1 0 -2.794
         0 0 1 -2702.800
Model 92.0
         1 0 0 -35.796
         0 1 0 14.377
         0 0 1 1351.400
Model 93.0
         1 0 0 58.620
         0 1 0 -37.543
         0 0 1 1351.400
Model 94.0
         1 0 0 -30.063
         0 1 0 49.126
         0 0 1 -2702.800
Model 95.0
         1 0 0 -22.627
         0 1 0 -34.545
         0 0 1 -2027.100
Model 96.0
         1 0 0 86.981
         0 1 0 31.751
         0 0 1 -675.701
Model 97.0
         1 0 0 50.075
         0 1 0 -8.585
         0 0 1 -2027.100
Model 98.0
         1 0 0 7.238
         0 1 0 -25.960
         0 0 1 0.000
Model 99.0
         1 0 0 -44.342
         0 1 0 43.334
         0 0 1 -2027.100
Model 100.0
         1 0 0 -55.556
         0 1 0 -2.794
         0 0 1 -2702.800
Model 101.0
         1 0 0 -62.794
         0 1 0 23.166
         0 0 1 -2702.800
Model 102.0
         1 0 0 11.214
         0 1 0 46.128
         0 0 1 675.701
Model 103.0
         1 0 0 -14.477
         0 1 0 51.919
         0 0 1 0.000
Model 104.0
         1 0 0 14.081
         0 1 0 63.502
         0 0 1 -1351.400
Model 105.0
         1 0 0 57.116
         0 1 0 23.166
         0 0 1 -2702.800
Model 106.0
         1 0 0 72.899
         0 1 0 -31.751
         0 0 1 675.701
Model 107.0
         1 0 0 58.423
         0 1 0 20.168
         0 0 1 675.701
Model 108.0
         1 0 0 25.889
         0 1 0 -63.502
         0 0 1 1351.400
Model 109.0
         1 0 0 61.487
         0 1 0 -20.168
         0 0 1 -675.701
Model 110.0
         1 0 0 29.865
         0 1 0 8.585
         0 0 1 2027.100
Model 111.0
         1 0 0 0.198
         0 1 0 -57.711
         0 0 1 675.701
Model 112.0
         1 0 0 -65.859
         0 1 0 63.502
         0 0 1 -1351.400
Model 113.0
         1 0 0 -0.198
         0 1 0 57.711
         0 0 1 -675.701
Model 114.0
         1 0 0 4.372
         0 1 0 -43.334
         0 0 1 2027.100
Model 115.0
         1 0 0 -11.214
         0 1 0 -46.128
         0 0 1 -675.701
Model 116.0
         1 0 0 -51.184
         0 1 0 -46.128
         0 0 1 -675.701
Model 117.0
         1 0 0 -11.412
         0 1 0 11.583
         0 0 1 -1351.400
Model 118.0
         1 0 0 32.929
         0 1 0 -31.751
         0 0 1 675.701
Model 119.0
         1 0 0 -90.045
         0 1 0 8.585
         0 0 1 2027.100
Model 120.0
         1 0 0 65.859
         0 1 0 -63.502
         0 0 1 1351.400
Model 121.0
         1 0 0 28.756
         0 1 0 -46.128
         0 0 1 -675.701
Model 122.0
         1 0 0 17.541
         0 1 0 -92.256
         0 0 1 -1351.400
Model 123.0
         1 0 0 -21.517
         0 1 0 20.168
         0 0 1 675.701
Model 124.0
         1 0 0 -1.109
         0 1 0 -54.714
         0 0 1 -2702.800
Model 125.0
         1 0 0 21.517
         0 1 0 -20.168
         0 0 1 -675.701
Model 126.0
         1 0 0 -46.813
         0 1 0 -89.462
         0 0 1 1351.400
Model 127.0
         1 0 0 -28.360
         0 1 0 -69.294
         0 0 1 2027.100
Model 128.0
         1 0 0 25.691
         0 1 0 -5.791
         0 0 1 675.701
Model 129.0
         1 0 0 -17.541
         0 1 0 92.256
         0 0 1 1351.400
Model 130.0
         1 0 0 -22.824
         0 1 0 23.166
         0 0 1 -2702.800
Model 131.0
         1 0 0 -17.343
         0 1 0 34.545
         0 0 1 2027.100
Model 132.0
         1 0 0 -32.534
         0 1 0 -83.671
         0 0 1 675.701
Model 133.0
         1 0 0 47.208
         0 1 0 -25.960
         0 0 1 0.000
Model 134.0
         1 0 0 8.348
         0 1 0 28.754
         0 0 1 2702.800
Model 135.0
         1 0 0 101.457
         0 1 0 -20.168
         0 0 1 -675.701
Model 136.0
         1 0 0 14.279
         0 1 0 5.791
         0 0 1 -675.701
Model 137.0
         1 0 0 -61.487
         0 1 0 20.168
         0 0 1 675.701
Model 138.0
         1 0 0 -79.742
         0 1 0 -57.711
         0 0 1 675.701
Model 139.0
         1 0 0 -35.598
         0 1 0 -43.334
         0 0 1 2027.100
Model 140.0
         1 0 0 72.702
         0 1 0 25.960
         0 0 1 0.000
Model 141.0
         1 0 0 65.661
         0 1 0 -5.791
         0 0 1 675.701
Model 142.0
         1 0 0 -3.064
         0 1 0 40.337
         0 0 1 1351.400
Model 143.0
         1 0 0 -54.447
         0 1 0 51.919
         0 0 1 0.000
Model 144.0
         1 0 0 82.807
         0 1 0 17.374
         0 0 1 -2027.100
Model 145.0
         1 0 0 -49.877
         0 1 0 -49.126
         0 0 1 2702.800
Model 146.0
         1 0 0 -2.669
         0 1 0 -75.085
         0 0 1 2702.800
Model 147.0
         1 0 0 49.877
         0 1 0 49.126
         0 0 1 -2702.800
Model 148.0
         1 0 0 2.669
         0 1 0 75.085
         0 0 1 -2702.800
Model 149.0
         1 0 0 29.667
         0 1 0 66.296
         0 0 1 1351.400
Model 150.0
         1 0 0 -8.348
         0 1 0 -28.754
         0 0 1 -2702.800
Model 151.0
         1 0 0 3.064
         0 1 0 -40.337
         0 0 1 -1351.400
Model 152.0
         1 0 0 -35.994
         0 1 0 72.088
         0 0 1 675.701
Model 153.0
         1 0 0 90.045
         0 1 0 -8.585
         0 0 1 -2027.100
Model 154.0
         1 0 0 68.330
         0 1 0 69.294
         0 0 1 -2027.100
Model 155.0
         1 0 0 -6.843
         0 1 0 -89.462
         0 0 1 1351.400
Model 156.0
         1 0 0 79.940
         0 1 0 0.000
         0 0 1 0.000
Model 157.0
         1 0 0 -57.313
         0 1 0 34.545
         0 0 1 2027.100
Model 158.0
         1 0 0 -29.865
         0 1 0 -8.585
         0 0 1 -2027.100
Model 159.0
         1 0 0 21.122
         0 1 0 95.254
         0 0 1 -2027.100
Model 160.0
         1 0 0 -7.041
         0 1 0 -31.751
         0 0 1 675.701
Model 161.0
         1 0 0 -86.981
         0 1 0 -31.751
         0 0 1 675.701
Model 162.0
         1 0 0 -7.436
         0 1 0 83.671
         0 0 1 -675.701
Model 163.0
         1 0 0 -36.906
         0 1 0 -40.337
         0 0 1 -1351.400
Model 164.0
         1 0 0 55.556
         0 1 0 2.794
         0 0 1 2702.800
Model 165.0
         1 0 0 94.219
         0 1 0 5.791
         0 0 1 -675.701
Model 166.0
         1 0 0 38.861
         0 1 0 -54.714
         0 0 1 -2702.800
Model 167.0
         1 0 0 6.843
         0 1 0 89.462
         0 0 1 -1351.400
Model 168.0
         1 0 0 25.493
         0 1 0 51.919
         0 0 1 0.000
Model 169.0
         1 0 0 -14.081
         0 1 0 -63.502
         0 0 1 1351.400
Model 170.0
         1 0 0 28.360
         0 1 0 69.294
         0 0 1 -2027.100
Model 171.0
         1 0 0 -44.144
         0 1 0 -14.377
         0 0 1 -1351.400
Model 172.0
         1 0 0 -32.929
         0 1 0 31.751
         0 0 1 -675.701
Model 173.0
         1 0 0 21.320
         0 1 0 37.543
         0 0 1 -1351.400
Model 174.0
         1 0 0 83.004
         0 1 0 -40.337
         0 0 1 -1351.400
Model 175.0
         1 0 0 62.794
         0 1 0 -23.166
         0 0 1 2702.800
Model 176.0
         1 0 0 39.772
         0 1 0 57.711
         0 0 1 -675.701
Model 177.0
         1 0 0 44.144
         0 1 0 14.377
         0 0 1 1351.400
Model 178.0
         1 0 0 40.168
         0 1 0 -57.711
         0 0 1 675.701
Model 179.0
         1 0 0 -10.303
         0 1 0 66.296
         0 0 1 1351.400
Model 180.0
         1 0 0 24.384
         0 1 0 -2.794
         0 0 1 -2702.800
Model 181.0
         1 0 0 32.732
         0 1 0 25.960
         0 0 1 0.000
Model 182.0
         1 0 0 18.255
         0 1 0 77.879
         0 0 1 0.000
Model 183.0
         1 0 0 -54.249
         0 1 0 -5.791
         0 0 1 675.701
Model 184.0
         1 0 0 35.598
         0 1 0 43.334
         0 0 1 -2027.100
Model 185.0
         1 0 0 -40.168
         0 1 0 57.711
         0 0 1 -675.701
Model 186.0
         1 0 0 -75.766
         0 1 0 14.377
         0 0 1 1351.400
Model 187.0
         1 0 0 44.342
         0 1 0 -43.334
         0 0 1 2027.100
Model 188.0
         1 0 0 -61.289
         0 1 0 -37.543
         0 0 1 1351.400
Model 189.0
         1 0 0 -51.382
         0 1 0 11.583
         0 0 1 -1351.400
Model 190.0
         1 0 0 -24.582
         0 1 0 60.505
         0 0 1 2027.100
Model 191.0
         1 0 0 -83.004
         0 1 0 40.337
         0 0 1 1351.400
Model 192.0
         1 0 0 -39.772
         0 1 0 -57.711
         0 0 1 675.701
Model 193.0
         1 0 0 10.105
         0 1 0 -8.585
         0 0 1 -2027.100
Model 194.0
         1 0 0 -29.667
         0 1 0 -66.296
         0 0 1 -1351.400
Model 195.0
         1 0 0 33.127
         0 1 0 -89.462
         0 0 1 1351.400
Model 196.0
         1 0 0 -7.238
         0 1 0 25.960
         0 0 1 0.000
Model 197.0
         1 0 0 30.063
         0 1 0 -49.126
         0 0 1 2702.800
Model 198.0
         1 0 0 -58.620
         0 1 0 37.543
         0 0 1 -1351.400
Model 199.0
         1 0 0 -94.219
         0 1 0 -5.791
         0 0 1 675.701
Model 200.0
         1 0 0 18.453
         0 1 0 20.168
         0 0 1 675.701
Model 201.0
         1 0 0 18.651
         0 1 0 -37.543
         0 0 1 1351.400
Model 202.0
         1 0 0 3.976
         0 1 0 72.088
         0 0 1 675.701
Model 203.0
         1 0 0 28.558
         0 1 0 11.583
         0 0 1 -1351.400
Model 204.0
         1 0 0 68.726
         0 1 0 -46.128
         0 0 1 -675.701
Model 205.0
         1 0 0 22.627
         0 1 0 34.545
         0 0 1 2027.100
Model 206.0
         1 0 0 7.436
         0 1 0 -83.671
         0 0 1 675.701
Model 207.0
         1 0 0 51.184
         0 1 0 46.128
         0 0 1 675.701
Model 208.0
         1 0 0 -48.318
         0 1 0 -28.754
         0 0 1 -2702.800
Model 209.0
         1 0 0 15.586
         0 1 0 2.794
         0 0 1 2702.800
Model 210.0
         1 0 0 61.289
         0 1 0 37.543
         0 0 1 -1351.400
Model 211.0
         1 0 0 -24.384
         0 1 0 2.794
         0 0 1 2702.800
Model 212.0
         1 0 0 -82.807
         0 1 0 -17.374
         0 0 1 2027.100
Model 213.0
         1 0 0 79.742
         0 1 0 57.711
         0 0 1 -675.701
Model 214.0
         1 0 0 2.867
         0 1 0 17.374
         0 0 1 -2027.100
