Model 0.0
	1 0 0 0
	0 1 0 0
	0 0 1 0
Model 1.0
	1 0 0 -33.1272
	0 1 0 89.4621
	0 0 1 -1351.4
Model 2.0
	1 0 0 47.4061
	0 1 0 -83.6707
	0 0 1 675.701
Model 3.0
	1 0 0 31.6223
	0 1 0 -28.7538
	0 0 1 -2702.8
Model 4.0
	1 0 0 -72.8994
	0 1 0 31.7512
	0 0 1 -675.701
Model 5.0
	1 0 0 -43.9461
	0 1 0 -72.0879
	0 0 1 -675.701
Model 6.0
	1 0 0 42.8367
	0 1 0 17.3743
	0 0 1 -2027.1
Model 7.0
	1 0 0 22.8243
	0 1 0 -23.1657
	0 0 1 2702.8
Model 8.0
	1 0 0 -15.3883
	0 1 0 -60.505
	0 0 1 -2027.1
Model 9.0
	1 0 0 -28.7556
	0 1 0 46.1281
	0 0 1 675.701
Model 10.0
	1 0 0 -101.457
	0 1 0 20.1683
	0 0 1 675.701
Model 11.0
	1 0 0 7.04059
	0 1 0 31.7512
	0 0 1 -675.701
Model 12.0
	1 0 0 -42.639
	0 1 0 -75.0852
	0 0 1 2702.8
Model 13.0
	1 0 0 -25.8888
	0 1 0 63.5024
	0 0 1 -1351.4
Model 14.0
	1 0 0 -39.97
	0 1 0 0
	0 0 1 0
Model 15.0
	1 0 0 51.3822
	0 1 0 -11.5828
	0 0 1 1351.4
Model 16.0
	1 0 0 -68.3301
	0 1 0 -69.2938
	0 0 1 2027.1
Model 17.0
	1 0 0 -15.586
	0 1 0 -2.79406
	0 0 1 -2702.8
Model 18.0
	1 0 0 -10.1051
	0 1 0 8.58549
	0 0 1 2027.1
Model 19.0
	1 0 0 43.0345
	0 1 0 -40.3367
	0 0 1 -1351.4
Model 20.0
	1 0 0 17.1457
	0 1 0 23.1657
	0 0 1 -2702.8
Model 21.0
	1 0 0 48.3177
	0 1 0 28.7538
	0 0 1 2702.8
Model 22.0
	1 0 0 1.10936
	0 1 0 54.7136
	0 0 1 2702.8
Model 23.0
	1 0 0 15.3883
	0 1 0 60.505
	0 0 1 2027.1
Model 24.0
	1 0 0 14.4767
	0 1 0 -51.9195
	0 0 1 0
Model 25.0
	1 0 0 54.4467
	0 1 0 -51.9195
	0 0 1 0
Model 26.0
	1 0 0 -47.2083
	0 1 0 25.9598
	0 0 1 0
Model 27.0
	1 0 0 -71.5923
	0 1 0 28.7538
	0 0 1 2702.8
Model 28.0
	1 0 0 -3.9761
	0 1 0 -72.0879
	0 0 1 -675.701
Model 29.0
	1 0 0 68.5278
	0 1 0 11.5828
	0 0 1 -1351.4
Model 30.0
	1 0 0 -50.0751
	0 1 0 8.58549
	0 0 1 2027.1
Model 31.0
	1 0 0 -72.7017
	0 1 0 -25.9598
	0 0 1 0
Model 32.0
	1 0 0 50.2728
	0 1 0 -66.2964
	0 0 1 -1351.4
Model 33.0
	1 0 0 -38.8606
	0 1 0 54.7136
	0 0 1 2702.8
Model 34.0
	1 0 0 43.9461
	0 1 0 72.0879
	0 0 1 675.701
Model 35.0
	1 0 0 37.1033
	0 1 0 -17.3743
	0 0 1 2027.1
Model 36.0
	1 0 0 -18.6505
	0 1 0 37.5426
	0 0 1 -1351.4
Model 37.0
	1 0 0 11.6099
	0 1 0 -69.2938
	0 0 1 2027.1
Model 38.0
	1 0 0 9.90733
	0 1 0 49.1255
	0 0 1 -2702.8
Model 39.0
	1 0 0 -4.17384
	0 1 0 -14.3769
	0 0 1 -1351.4
Model 40.0
	1 0 0 -21.1218
	0 1 0 -95.2536
	0 0 1 2027.1
Model 41.0
	1 0 0 -4.37158
	0 1 0 43.334
	0 0 1 -2027.1
Model 42.0
	1 0 0 -64.354
	0 1 0 2.79406
	0 0 1 2702.8
Model 43.0
	1 0 0 10.3028
	0 1 0 -66.2964
	0 0 1 -1351.4
Model 44.0
	1 0 0 -50.2728
	0 1 0 66.2964
	0 0 1 1351.4
Model 45.0
	1 0 0 -75.5684
	0 1 0 -43.334
	0 0 1 2027.1
Model 46.0
	1 0 0 -14.2789
	0 1 0 -5.79142
	0 0 1 675.701
Model 47.0
	1 0 0 -28.5578
	0 1 0 -11.5828
	0 0 1 1351.4
Model 48.0
	1 0 0 54.2489
	0 1 0 5.79142
	0 0 1 -675.701
Model 49.0
	1 0 0 -32.7317
	0 1 0 -25.9598
	0 0 1 0
Model 50.0
	1 0 0 -37.1033
	0 1 0 17.3743
	0 0 1 -2027.1
Model 51.0
	1 0 0 -31.6223
	0 1 0 28.7538
	0 0 1 2702.8
Model 52.0
	1 0 0 -68.7256
	0 1 0 46.1281
	0 0 1 675.701
Model 53.0
	1 0 0 35.9939
	0 1 0 -72.0879
	0 0 1 -675.701
Model 54.0
	1 0 0 32.5339
	0 1 0 83.6707
	0 0 1 -675.701
Model 55.0
	1 0 0 -17.1457
	0 1 0 -23.1657
	0 0 1 2702.8
Model 56.0
	1 0 0 -11.6099
	0 1 0 69.2938
	0 0 1 -2027.1
Model 57.0
	1 0 0 4.17384
	0 1 0 14.3769
	0 0 1 1351.4
Model 58.0
	1 0 0 -79.94
	0 1 0 0
	0 0 1 0
Model 59.0
	1 0 0 -54.0512
	0 1 0 -63.5024
	0 0 1 1351.4
Model 60.0
	1 0 0 -57.1157
	0 1 0 -23.1657
	0 0 1 2702.8
Model 61.0
	1 0 0 -65.6611
	0 1 0 5.79142
	0 0 1 -675.701
Model 62.0
	1 0 0 -47.4061
	0 1 0 83.6707
	0 0 1 -675.701
Model 63.0
	1 0 0 39.97
	0 1 0 0
	0 0 1 0
Model 64.0
	1 0 0 35.7962
	0 1 0 -14.3769
	0 0 1 -1351.4
Model 65.0
	1 0 0 75.5684
	0 1 0 43.334
	0 0 1 -2027.1
Model 66.0
	1 0 0 71.5923
	0 1 0 -28.7538
	0 0 1 -2702.8
Model 67.0
	1 0 0 -21.3195
	0 1 0 -37.5426
	0 0 1 1351.4
Model 68.0
	1 0 0 17.3434
	0 1 0 -34.5452
	0 0 1 -2027.1
Model 69.0
	1 0 0 -18.255
	0 1 0 -77.8793
	0 0 1 0
Model 70.0
	1 0 0 54.0512
	0 1 0 63.5024
	0 0 1 -1351.4
Model 71.0
	1 0 0 -47.0106
	0 1 0 -31.7512
	0 0 1 675.701
Model 72.0
	1 0 0 -42.8367
	0 1 0 -17.3743
	0 0 1 2027.1
Model 73.0
	1 0 0 -43.0345
	0 1 0 40.3367
	0 0 1 1351.4
Model 74.0
	1 0 0 57.3134
	0 1 0 -34.5452
	0 0 1 -2027.1
Model 75.0
	1 0 0 -9.90733
	0 1 0 -49.1255
	0 0 1 2702.8
Model 76.0
	1 0 0 42.639
	0 1 0 75.0852
	0 0 1 -2702.8
Model 77.0
	1 0 0 -2.86675
	0 1 0 -17.3743
	0 0 1 2027.1
Model 78.0
	1 0 0 -58.4228
	0 1 0 -20.1683
	0 0 1 -675.701
Model 79.0
	1 0 0 -25.4933
	0 1 0 -51.9195
	0 0 1 0
Model 80.0
	1 0 0 21.715
	0 1 0 -77.8793
	0 0 1 0
Model 81.0
	1 0 0 36.9055
	0 1 0 40.3367
	0 0 1 1351.4
Model 82.0
	1 0 0 47.0106
	0 1 0 31.7512
	0 0 1 -675.701
Model 83.0
	1 0 0 -18.4528
	0 1 0 -20.1683
	0 0 1 -675.701
Model 84.0
	1 0 0 75.7662
	0 1 0 -14.3769
	0 0 1 -1351.4
Model 85.0
	1 0 0 -21.715
	0 1 0 77.8793
	0 0 1 0
Model 86.0
	1 0 0 46.8128
	0 1 0 89.4621
	0 0 1 -1351.4
Model 87.0
	1 0 0 -25.6911
	0 1 0 5.79142
	0 0 1 -675.701
Model 88.0
	1 0 0 -68.5278
	0 1 0 -11.5828
	0 0 1 1351.4
Model 89.0
	1 0 0 24.5817
	0 1 0 -60.505
	0 0 1 -2027.1
Model 90.0
	1 0 0 11.4122
	0 1 0 -11.5828
	0 0 1 1351.4
Model 91.0
	1 0 0 64.354
	0 1 0 -2.79406
	0 0 1 -2702.8
Model 92.0
	1 0 0 -35.7962
	0 1 0 14.3769
	0 0 1 1351.4
Model 93.0
	1 0 0 58.6205
	0 1 0 -37.5426
	0 0 1 1351.4
Model 94.0
	1 0 0 -30.0627
	0 1 0 49.1255
	0 0 1 -2702.8
Model 95.0
	1 0 0 -22.6266
	0 1 0 -34.5452
	0 0 1 -2027.1
Model 96.0
	1 0 0 86.9806
	0 1 0 31.7512
	0 0 1 -675.701
Model 97.0
	1 0 0 50.0751
	0 1 0 -8.58549
	0 0 1 -2027.1
Model 98.0
	1 0 0 7.23833
	0 1 0 -25.9598
	0 0 1 0
Model 99.0
	1 0 0 -44.3416
	0 1 0 43.334
	0 0 1 -2027.1
Model 100.0
	1 0 0 -55.556
	0 1 0 -2.79406
	0 0 1 -2702.8
Model 101.0
	1 0 0 -62.7943
	0 1 0 23.1657
	0 0 1 -2702.8
Model 102.0
	1 0 0 11.2144
	0 1 0 46.1281
	0 0 1 675.701
Model 103.0
	1 0 0 -14.4767
	0 1 0 51.9195
	0 0 1 0
Model 104.0
	1 0 0 14.0812
	0 1 0 63.5024
	0 0 1 -1351.4
Model 105.0
	1 0 0 57.1157
	0 1 0 23.1657
	0 0 1 -2702.8
Model 106.0
	1 0 0 72.8994
	0 1 0 -31.7512
	0 0 1 675.701
Model 107.0
	1 0 0 58.4228
	0 1 0 20.1683
	0 0 1 675.701
Model 108.0
	1 0 0 25.8888
	0 1 0 -63.5024
	0 0 1 1351.4
Model 109.0
	1 0 0 61.4872
	0 1 0 -20.1683
	0 0 1 -675.701
Model 110.0
	1 0 0 29.8649
	0 1 0 8.58549
	0 0 1 2027.1
Model 111.0
	1 0 0 0.197741
	0 1 0 -57.7109
	0 0 1 675.701
Model 112.0
	1 0 0 -65.8588
	0 1 0 63.5024
	0 0 1 -1351.4
Model 113.0
	1 0 0 -0.197741
	0 1 0 57.7109
	0 0 1 -675.701
Model 114.0
	1 0 0 4.37158
	0 1 0 -43.334
	0 0 1 2027.1
Model 115.0
	1 0 0 -11.2144
	0 1 0 -46.1281
	0 0 1 -675.701
Model 116.0
	1 0 0 -51.1844
	0 1 0 -46.1281
	0 0 1 -675.701
Model 117.0
	1 0 0 -11.4122
	0 1 0 11.5828
	0 0 1 -1351.4
Model 118.0
	1 0 0 32.9294
	0 1 0 -31.7512
	0 0 1 675.701
Model 119.0
	1 0 0 -90.0451
	0 1 0 8.58549
	0 0 1 2027.1
Model 120.0
	1 0 0 65.8588
	0 1 0 -63.5024
	0 0 1 1351.4
Model 121.0
	1 0 0 28.7556
	0 1 0 -46.1281
	0 0 1 -675.701
Model 122.0
	1 0 0 17.5411
	0 1 0 -92.2562
	0 0 1 -1351.4
Model 123.0
	1 0 0 -21.5172
	0 1 0 20.1683
	0 0 1 675.701
Model 124.0
	1 0 0 -1.10936
	0 1 0 -54.7136
	0 0 1 -2702.8
Model 125.0
	1 0 0 21.5172
	0 1 0 -20.1683
	0 0 1 -675.701
Model 126.0
	1 0 0 -46.8128
	0 1 0 -89.4621
	0 0 1 1351.4
Model 127.0
	1 0 0 -28.3601
	0 1 0 -69.2938
	0 0 1 2027.1
Model 128.0
	1 0 0 25.6911
	0 1 0 -5.79142
	0 0 1 675.701
Model 129.0
	1 0 0 -17.5411
	0 1 0 92.2562
	0 0 1 1351.4
Model 130.0
	1 0 0 -22.8243
	0 1 0 23.1657
	0 0 1 -2702.8
Model 131.0
	1 0 0 -17.3434
	0 1 0 34.5452
	0 0 1 2027.1
Model 132.0
	1 0 0 -32.5339
	0 1 0 -83.6707
	0 0 1 675.701
Model 133.0
	1 0 0 47.2083
	0 1 0 -25.9598
	0 0 1 0
Model 134.0
	1 0 0 8.34768
	0 1 0 28.7538
	0 0 1 2702.8
Model 135.0
	1 0 0 101.457
	0 1 0 -20.1683
	0 0 1 -675.701
Model 136.0
	1 0 0 14.2789
	0 1 0 5.79142
	0 0 1 -675.701
Model 137.0
	1 0 0 -61.4872
	0 1 0 20.1683
	0 0 1 675.701
Model 138.0
	1 0 0 -79.7423
	0 1 0 -57.7109
	0 0 1 675.701
Model 139.0
	1 0 0 -35.5984
	0 1 0 -43.334
	0 0 1 2027.1
Model 140.0
	1 0 0 72.7017
	0 1 0 25.9598
	0 0 1 0
Model 141.0
	1 0 0 65.6611
	0 1 0 -5.79142
	0 0 1 675.701
Model 142.0
	1 0 0 -3.06449
	0 1 0 40.3367
	0 0 1 1351.4
Model 143.0
	1 0 0 -54.4467
	0 1 0 51.9195
	0 0 1 0
Model 144.0
	1 0 0 82.8067
	0 1 0 17.3743
	0 0 1 -2027.1
Model 145.0
	1 0 0 -49.8773
	0 1 0 -49.1255
	0 0 1 2702.8
Model 146.0
	1 0 0 -2.669
	0 1 0 -75.0852
	0 0 1 2702.8
Model 147.0
	1 0 0 49.8773
	0 1 0 49.1255
	0 0 1 -2702.8
Model 148.0
	1 0 0 2.669
	0 1 0 75.0852
	0 0 1 -2702.8
Model 149.0
	1 0 0 29.6672
	0 1 0 66.2964
	0 0 1 1351.4
Model 150.0
	1 0 0 -8.34768
	0 1 0 -28.7538
	0 0 1 -2702.8
Model 151.0
	1 0 0 3.06449
	0 1 0 -40.3367
	0 0 1 -1351.4
Model 152.0
	1 0 0 -35.9939
	0 1 0 72.0879
	0 0 1 675.701
Model 153.0
	1 0 0 90.0451
	0 1 0 -8.58549
	0 0 1 -2027.1
Model 154.0
	1 0 0 68.3301
	0 1 0 69.2938
	0 0 1 -2027.1
Model 155.0
	1 0 0 -6.84285
	0 1 0 -89.4621
	0 0 1 1351.4
Model 156.0
	1 0 0 79.94
	0 1 0 0
	0 0 1 0
Model 157.0
	1 0 0 -57.3134
	0 1 0 34.5452
	0 0 1 2027.1
Model 158.0
	1 0 0 -29.8649
	0 1 0 -8.58549
	0 0 1 -2027.1
Model 159.0
	1 0 0 21.1218
	0 1 0 95.2536
	0 0 1 -2027.1
Model 160.0
	1 0 0 -7.04059
	0 1 0 -31.7512
	0 0 1 675.701
Model 161.0
	1 0 0 -86.9806
	0 1 0 -31.7512
	0 0 1 675.701
Model 162.0
	1 0 0 -7.43607
	0 1 0 83.6707
	0 0 1 -675.701
Model 163.0
	1 0 0 -36.9055
	0 1 0 -40.3367
	0 0 1 -1351.4
Model 164.0
	1 0 0 55.556
	0 1 0 2.79406
	0 0 1 2702.8
Model 165.0
	1 0 0 94.2189
	0 1 0 5.79142
	0 0 1 -675.701
Model 166.0
	1 0 0 38.8606
	0 1 0 -54.7136
	0 0 1 -2702.8
Model 167.0
	1 0 0 6.84285
	0 1 0 89.4621
	0 0 1 -1351.4
Model 168.0
	1 0 0 25.4933
	0 1 0 51.9195
	0 0 1 0
Model 169.0
	1 0 0 -14.0812
	0 1 0 -63.5024
	0 0 1 1351.4
Model 170.0
	1 0 0 28.3601
	0 1 0 69.2938
	0 0 1 -2027.1
Model 171.0
	1 0 0 -44.1438
	0 1 0 -14.3769
	0 0 1 -1351.4
Model 172.0
	1 0 0 -32.9294
	0 1 0 31.7512
	0 0 1 -675.701
Model 173.0
	1 0 0 21.3195
	0 1 0 37.5426
	0 0 1 -1351.4
Model 174.0
	1 0 0 83.0045
	0 1 0 -40.3367
	0 0 1 -1351.4
Model 175.0
	1 0 0 62.7943
	0 1 0 -23.1657
	0 0 1 2702.8
Model 176.0
	1 0 0 39.7723
	0 1 0 57.7109
	0 0 1 -675.701
Model 177.0
	1 0 0 44.1438
	0 1 0 14.3769
	0 0 1 1351.4
Model 178.0
	1 0 0 40.1677
	0 1 0 -57.7109
	0 0 1 675.701
Model 179.0
	1 0 0 -10.3028
	0 1 0 66.2964
	0 0 1 1351.4
Model 180.0
	1 0 0 24.384
	0 1 0 -2.79406
	0 0 1 -2702.8
Model 181.0
	1 0 0 32.7317
	0 1 0 25.9598
	0 0 1 0
Model 182.0
	1 0 0 18.255
	0 1 0 77.8793
	0 0 1 0
Model 183.0
	1 0 0 -54.2489
	0 1 0 -5.79142
	0 0 1 675.701
Model 184.0
	1 0 0 35.5984
	0 1 0 43.334
	0 0 1 -2027.1
Model 185.0
	1 0 0 -40.1677
	0 1 0 57.7109
	0 0 1 -675.701
Model 186.0
	1 0 0 -75.7662
	0 1 0 14.3769
	0 0 1 1351.4
Model 187.0
	1 0 0 44.3416
	0 1 0 -43.334
	0 0 1 2027.1
Model 188.0
	1 0 0 -61.2895
	0 1 0 -37.5426
	0 0 1 1351.4
Model 189.0
	1 0 0 -51.3822
	0 1 0 11.5828
	0 0 1 -1351.4
Model 190.0
	1 0 0 -24.5817
	0 1 0 60.505
	0 0 1 2027.1
Model 191.0
	1 0 0 -83.0045
	0 1 0 40.3367
	0 0 1 1351.4
Model 192.0
	1 0 0 -39.7723
	0 1 0 -57.7109
	0 0 1 675.701
Model 193.0
	1 0 0 10.1051
	0 1 0 -8.58549
	0 0 1 -2027.1
Model 194.0
	1 0 0 -29.6672
	0 1 0 -66.2964
	0 0 1 -1351.4
Model 195.0
	1 0 0 33.1272
	0 1 0 -89.4621
	0 0 1 1351.4
Model 196.0
	1 0 0 -7.23833
	0 1 0 25.9598
	0 0 1 0
Model 197.0
	1 0 0 30.0627
	0 1 0 -49.1255
	0 0 1 2702.8
Model 198.0
	1 0 0 -58.6205
	0 1 0 37.5426
	0 0 1 -1351.4
Model 199.0
	1 0 0 -94.2189
	0 1 0 -5.79142
	0 0 1 675.701
Model 200.0
	1 0 0 18.4528
	0 1 0 20.1683
	0 0 1 675.701
Model 201.0
	1 0 0 18.6505
	0 1 0 -37.5426
	0 0 1 1351.4
Model 202.0
	1 0 0 3.9761
	0 1 0 72.0879
	0 0 1 675.701
Model 203.0
	1 0 0 28.5578
	0 1 0 11.5828
	0 0 1 -1351.4
Model 204.0
	1 0 0 68.7256
	0 1 0 -46.1281
	0 0 1 -675.701
Model 205.0
	1 0 0 22.6266
	0 1 0 34.5452
	0 0 1 2027.1
Model 206.0
	1 0 0 7.43607
	0 1 0 -83.6707
	0 0 1 675.701
Model 207.0
	1 0 0 51.1844
	0 1 0 46.1281
	0 0 1 675.701
Model 208.0
	1 0 0 -48.3177
	0 1 0 -28.7538
	0 0 1 -2702.8
Model 209.0
	1 0 0 15.586
	0 1 0 2.79406
	0 0 1 2702.8
Model 210.0
	1 0 0 61.2895
	0 1 0 37.5426
	0 0 1 -1351.4
Model 211.0
	1 0 0 -24.384
	0 1 0 2.79406
	0 0 1 2702.8
Model 212.0
	1 0 0 -82.8067
	0 1 0 -17.3743
	0 0 1 2027.1
Model 213.0
	1 0 0 79.7423
	0 1 0 57.7109
	0 0 1 -675.701
Model 214.0
	1 0 0 2.86675
	0 1 0 17.3743
	0 0 1 -2027.1
